# MicroBooNE NuMI flux (from https://arxiv.org/abs/2101.04228)
# scaled to nu/POT/bin/cm2 
# Energy   [GeV]    nue     numu    nuebar  numubar
2.500000000000000139e-02    4.518255232714812514e-13    6.239999999999999907e-11    1.497747476345206218e-13    7.141692874235856042e-11
7.499999999999999722e-02    1.690714103473585157e-12    2.340000000000000191e-10    3.741962364657546432e-13    1.602058470659699499e-10
1.250000000000000000e-01    2.820281104255998140e-12    3.059999999999999773e-10    3.642533115449637721e-13    9.100480585213057439e-11
1.749999999999999889e-01    3.226799119945811592e-12    3.690000000000000182e-10    3.844105707405501654e-13    5.455594781168514464e-11
2.250000000000000056e-01    2.897265560913932971e-12    4.580000000000000211e-10    3.099046339199426931e-13    4.398198780581133480e-11
2.750000000000000222e-01    3.057596108416941575e-12    4.960000000000000450e-10    2.498393369881466499e-13    3.741962364657546513e-11
3.250000000000000111e-01    3.057596108416941575e-12    5.380000000000000033e-10    2.858514179684477584e-13    3.642533115449652645e-11
3.750000000000000000e-01    2.976351441631325253e-12    5.529999999999999515e-10    2.498393369881466499e-13    3.545745842465615959e-11
4.249999999999999889e-01    2.897265560913932971e-12    5.989999999999999995e-10    2.936542274344943563e-13    3.270543147432740155e-11
4.749999999999999778e-01    2.820281104255998140e-12    6.160000000000000442e-10    2.636650898730366004e-13    2.936542274344943421e-11
5.250000000000000222e-01    2.897265560913932971e-12    6.500000000000000301e-10    3.099046339199426931e-13    2.636650898730366247e-11
5.749999999999999556e-01    2.601385279477481182e-12    6.500000000000000301e-10    2.125618788191996703e-13    2.367385623054376416e-11
6.250000000000000000e-01    2.745342233838714202e-12    6.329999999999999855e-10    2.304480828150744345e-13    2.183641233977246506e-11
6.750000000000000444e-01    2.464976966758626421e-12    6.329999999999999855e-10    2.243247502898415703e-13    2.125618788191997016e-11
7.249999999999999778e-01    2.335721469090121388e-12    6.160000000000000442e-10    2.243247502898415703e-13    1.908542144006689906e-11
7.750000000000000222e-01    2.213243715758726582e-12    5.989999999999999995e-10    2.304480828150744345e-13    1.808464306375091208e-11
8.249999999999999556e-01    2.097188303558155473e-12    5.680000000000000031e-10    1.713634230034207632e-13    1.623776739188724267e-11
8.750000000000000000e-01    1.934415251350536974e-12    5.529999999999999515e-10    1.419210395452594320e-13    1.419210395452594411e-11
9.250000000000000444e-01    1.832980710832437548e-12    5.380000000000000033e-10    1.457950200861471527e-13    1.381499961638323713e-11
9.749999999999999778e-01    1.784275812672050288e-12    4.960000000000000450e-10    1.623776739188724217e-13    1.274274985703137318e-11
1.024999999999999911e+00    1.736865072759371319e-12    4.829999999999999864e-10    1.381499961638323723e-13    1.240415691363474373e-11
1.074999999999999956e+00    1.645789430921731549e-12    4.460000000000000108e-10    1.381499961638323723e-13    1.055338574988076937e-11
1.125000000000000000e+00    1.645789430921731549e-12    4.109999999999999766e-10    1.381499961638323723e-13    1.027296731712934584e-11
1.175000000000000044e+00    1.559489504058283155e-12    3.899999999999999974e-10    1.381499961638323723e-13    9.475632026539936097e-12
1.225000000000000089e+00    1.438449888287665906e-12    3.590000000000000011e-10    1.457950200861471527e-13    8.978760230238898459e-12
1.274999999999999911e+00    1.400228233851349509e-12    3.230000000000000220e-10    1.175372265130636763e-13    8.281874688183977806e-12
1.324999999999999956e+00    1.363022183003134415e-12    2.980000000000000049e-10    1.027296731712934559e-13    7.639077845044228240e-12
1.375000000000000000e+00    1.257231357936214808e-12    2.599999999999999810e-10    1.113739507857865108e-13    7.046171612075165789e-12
1.425000000000000044e+00    1.159651476761399986e-12    2.340000000000000191e-10    1.175372265130636763e-13    6.158482110660279470e-12
1.475000000000000089e+00    1.069645247921925276e-12    2.039999999999999935e-10    1.000000000000000030e-13    5.835551032264557720e-12
1.524999999999999911e+00    1.013556476824520476e-12    1.780000000000000057e-10    8.740181831657867816e-14    5.239601353002654699e-12
1.574999999999999956e+00    9.604088212505369709e-13    1.560000000000000041e-10    1.000000000000000030e-13    4.964853438681374422e-12
1.625000000000000000e+00    8.858667904100831953e-13    1.289999999999999940e-10    8.740181831657867816e-14    4.339372182160703806e-12
1.675000000000000044e+00    8.171103315457220452e-13    1.129999999999999975e-10    8.740181831657867816e-14    3.896218237338950928e-12
1.725000000000000089e+00    7.953985507023431794e-13    9.350000000000000024e-11    8.281874688183978059e-14    3.405365585016393781e-12
1.774999999999999911e+00    7.953985507023431794e-13    7.739999999999999897e-11    8.507942799627444745e-14    3.057596108416941575e-12
1.824999999999999956e+00    6.951927961775619277e-13    6.410000000000000354e-11    8.061813527211965445e-14    2.601385279477481182e-12
1.875000000000000000e+00    7.336637748600018868e-13    5.169999999999999983e-11    8.061813527211965445e-14    2.273658035683121519e-12
1.925000000000000044e+00    6.767205372282105596e-13    4.170000000000000205e-11    7.238509068173247903e-14    1.934415251350536974e-12
1.975000000000000089e+00    6.767205372282105596e-13    3.449999999999999719e-11    7.046171612075137163e-14    1.736865072759371319e-12
2.024999999999999911e+00    5.604514688244556857e-13    2.709999999999999883e-11    6.676692939187569798e-14    1.518051655297263958e-12
2.075000000000000178e+00    4.898447745345494384e-13    2.179999999999999839e-11    5.994842503189421346e-14    1.257231357936214808e-12
2.125000000000000000e+00    5.032159359259998237e-13    1.810000000000000083e-11    5.100377710991099793e-14    1.041223256048306408e-12
2.174999999999999822e+00    4.898447745345494384e-13    1.459999999999999999e-11    6.676692939187569798e-14    9.348893962206387664e-13
2.225000000000000089e+00    4.518255232714812514e-13    1.240000000000000048e-11    5.100377710991099793e-14    7.953985507023431794e-13
2.274999999999999911e+00    4.281332398719395636e-13    1.059999999999999926e-11    0.000000000000000000e+00    6.767205372282105596e-13
2.325000000000000178e+00    3.741962364657546432e-13    9.219999999999999891e-12    0.000000000000000000e+00    5.757499622070770122e-13
2.375000000000000000e+00    3.545745842465615737e-13    8.279999999999999454e-12    0.000000000000000000e+00    4.398198780581133480e-13
2.424999999999999822e+00    3.642533115449637721e-13    7.239999999999999846e-12    0.000000000000000000e+00    3.949037229576709668e-13
2.475000000000000089e+00    3.099046339199426931e-13    6.860000000000000254e-12    0.000000000000000000e+00    3.451530344648687844e-13
2.524999999999999911e+00    3.270543147432740074e-13    6.329999999999999887e-12    0.000000000000000000e+00    2.708622850933676636e-13
2.575000000000000178e+00    2.708622850933676636e-13    5.990000000000000124e-12    0.000000000000000000e+00    2.367385623054376053e-13
2.625000000000000000e+00    2.636650898730366004e-13    5.680000000000000031e-12    0.000000000000000000e+00    2.014158146560709498e-13
2.674999999999999822e+00    2.432007513267950191e-13    5.240000000000000290e-12    0.000000000000000000e+00    1.808464306375091239e-13
2.725000000000000089e+00    2.243247502898415703e-13    5.240000000000000290e-12    0.000000000000000000e+00    1.497747476345206218e-13
2.774999999999999911e+00    2.014158146560709498e-13    4.959999999999999868e-12    0.000000000000000000e+00    1.144140956401957033e-13
2.825000000000000178e+00    1.908542144006689926e-13    4.580000000000000275e-12    0.000000000000000000e+00    1.055338574988077053e-13
2.875000000000000000e+00    1.808464306375091239e-13    4.459999999999999979e-12    0.000000000000000000e+00    1.000000000000000030e-13
2.924999999999999822e+00    1.713634230034207632e-13    4.459999999999999979e-12    0.000000000000000000e+00    6.499283734753757828e-14
2.975000000000000089e+00    1.580630687378132116e-13    4.220000000000000194e-12    0.000000000000000000e+00    6.858944835078217235e-14
3.024999999999999911e+00    1.419210395452594320e-13    4.220000000000000194e-12    0.000000000000000000e+00    5.239601353002655558e-14
3.075000000000000178e+00    1.381499961638323723e-13    3.999999999999999920e-12    0.000000000000000000e+00    0.000000000000000000e+00
3.125000000000000000e+00    1.207456086514731914e-13    3.789999999999999805e-12    0.000000000000000000e+00    0.000000000000000000e+00
3.174999999999999822e+00    1.175372265130636763e-13    3.789999999999999805e-12    0.000000000000000000e+00    0.000000000000000000e+00
3.225000000000000089e+00    1.055338574988077053e-13    3.689999999999999827e-12    0.000000000000000000e+00    0.000000000000000000e+00
3.274999999999999911e+00    9.734285811778847717e-14    3.500000000000000031e-12    0.000000000000000000e+00    0.000000000000000000e+00
3.325000000000000178e+00    8.978760230238896843e-14    3.409999999999999808e-12    0.000000000000000000e+00    0.000000000000000000e+00
3.375000000000000000e+00    8.061813527211965445e-14    3.309999999999999830e-12    0.000000000000000000e+00    0.000000000000000000e+00
3.424999999999999822e+00    7.847599703514623206e-14    3.230000000000000171e-12    0.000000000000000000e+00    0.000000000000000000e+00
3.475000000000000089e+00    7.046171612075137163e-14    2.979999999999999823e-12    0.000000000000000000e+00    0.000000000000000000e+00
3.524999999999999911e+00    6.158482110660279823e-14    2.979999999999999823e-12    0.000000000000000000e+00    0.000000000000000000e+00
3.575000000000000178e+00    5.835551032264557821e-14    2.900000000000000164e-12    0.000000000000000000e+00    0.000000000000000000e+00
3.625000000000000000e+00    5.835551032264557821e-14    2.670000000000000134e-12    0.000000000000000000e+00    0.000000000000000000e+00
3.674999999999999822e+00    5.100377710991099793e-14    2.750000000000000197e-12    0.000000000000000000e+00    0.000000000000000000e+00
3.725000000000000089e+00    5.529553425383399914e-14    2.529999999999999923e-12    0.000000000000000000e+00    0.000000000000000000e+00
3.774999999999999911e+00    5.100377710991099793e-14    2.460000000000000019e-12    0.000000000000000000e+00    0.000000000000000000e+00
3.825000000000000178e+00    0.000000000000000000e+00    2.340000000000000127e-12    0.000000000000000000e+00    0.000000000000000000e+00
3.875000000000000000e+00    0.000000000000000000e+00    2.210000000000000075e-12    0.000000000000000000e+00    0.000000000000000000e+00
3.924999999999999822e+00    0.000000000000000000e+00    2.149999999999999926e-12    0.000000000000000000e+00    0.000000000000000000e+00
3.975000000000000089e+00    0.000000000000000000e+00    2.040000000000000193e-12    0.000000000000000000e+00    0.000000000000000000e+00
4.025000000000000355e+00    0.000000000000000000e+00    1.930000000000000056e-12    0.000000000000000000e+00    0.000000000000000000e+00
4.075000000000000178e+00    0.000000000000000000e+00    1.830000000000000078e-12    0.000000000000000000e+00    0.000000000000000000e+00
4.125000000000000000e+00    0.000000000000000000e+00    1.780000000000000089e-12    0.000000000000000000e+00    0.000000000000000000e+00
4.174999999999999822e+00    0.000000000000000000e+00    1.740000000000000058e-12    0.000000000000000000e+00    0.000000000000000000e+00
4.224999999999999645e+00    0.000000000000000000e+00    1.650000000000000037e-12    0.000000000000000000e+00    0.000000000000000000e+00
4.275000000000000355e+00    0.000000000000000000e+00    1.600000000000000049e-12    0.000000000000000000e+00    0.000000000000000000e+00
4.325000000000000178e+00    0.000000000000000000e+00    1.439999999999999923e-12    0.000000000000000000e+00    0.000000000000000000e+00
4.375000000000000000e+00    0.000000000000000000e+00    1.360000000000000062e-12    0.000000000000000000e+00    0.000000000000000000e+00
4.424999999999999822e+00    0.000000000000000000e+00    1.360000000000000062e-12    0.000000000000000000e+00    0.000000000000000000e+00
4.474999999999999645e+00    0.000000000000000000e+00    1.289999999999999956e-12    0.000000000000000000e+00    0.000000000000000000e+00
4.525000000000000355e+00    0.000000000000000000e+00    1.159999999999999904e-12    0.000000000000000000e+00    0.000000000000000000e+00
4.575000000000000178e+00    0.000000000000000000e+00    1.130000000000000032e-12    0.000000000000000000e+00    0.000000000000000000e+00
4.625000000000000000e+00    0.000000000000000000e+00    1.070000000000000086e-12    0.000000000000000000e+00    0.000000000000000000e+00
4.674999999999999822e+00    0.000000000000000000e+00    1.009999999999999937e-12    0.000000000000000000e+00    0.000000000000000000e+00
4.724999999999999645e+00    0.000000000000000000e+00    9.869999999999999343e-13    0.000000000000000000e+00    0.000000000000000000e+00
4.775000000000000355e+00    0.000000000000000000e+00    9.349999999999999539e-13    0.000000000000000000e+00    0.000000000000000000e+00
4.825000000000000178e+00    0.000000000000000000e+00    8.389999999999999591e-13    0.000000000000000000e+00    0.000000000000000000e+00
4.875000000000000000e+00    0.000000000000000000e+00    7.950000000000000456e-13    0.000000000000000000e+00    0.000000000000000000e+00
4.924999999999999822e+00    0.000000000000000000e+00    7.540000000000000184e-13    0.000000000000000000e+00    0.000000000000000000e+00
4.974999999999999645e+00    0.000000000000000000e+00    6.949999999999999668e-13    0.000000000000000000e+00    0.000000000000000000e+00